$ANSIBLE_VAULT;1.1;AES256
36393962333235383266613532343838373634633232353636373632313039633061643638353833
6234636532626634343635396262356561393431366266660a346161393638313838656338626666
65306131366331623461386435343662633239326432326233356632336463633039646336356234
6331303639666166620a613138313862326132353838306264343432616663313862616537653337
37343230636461666630653933343231393364316364363663313033336539313436643962333037
36313438373862396334383137386133326532633966663863343632643035343435653138643439
61356132663366313630306135303366633366656536623238346661663935306538646435323165
37326537346235373762633436373535333863653632343533643462326334363430396263666462
39646136316531626364633933613335633065643166316566633734336133323262636261316135
36383632653561356565393165396164393062396138613536326164383462633164663632663562
32643538666663386563363334663963376430396331316631376533376434366530626538333039
30626362366136633234366261386536636161343764363530663231383032653337643764343333
61383636626431336534303064396466623839636536346265373234393566656137333832353738
39386435366234623861353462356465383263613262376433343034313266356539356232623564
31656331613562386632333039393563613231356237613634666664616466653137343466303538
63313636316636343963343834633132643366666534613962643632653137336231633438626135
31323964363738663830613034343538303134663162326163323439613234653866636261373631
66626635396361326138316236343631643633613764636663656536346634306532326134343734
34653936366432363136356139323636616661393261663636363561326432353865376139613866
32623762643330656665653935633632333831663663313837306363633564326336656636623463
39313036313032653933366166616538333238353632396366613465376463363330396239666134
63623236306435316430653232346364356562396132373162393232663536623135616439343539
34343966613238363663623166626332396164346162386138343935333231623763346663313535
63386335313232656665643439633736343136313365366237373937393530343261616237616135
33383661373264633036643166333131386661383663313035646239336538323730
