$ANSIBLE_VAULT;1.1;AES256
35623237633734336661326231633765363130626633333166666464653363333031333639616431
3738623463356338306535386438333031346534376630640a643135376237306535366131613539
34313062633461333333343537343963656634326262653964663463386632363538646264623264
3362616161316233340a323262613037336462623739376561316639376238386434386564643930
37656562333137646633633131303030343033646638393233303838363139323061633166303536
32346265303835623034333131643062393436376431616533623566633965633264393938613432
65313263373661363965633232333261623034346466386664643762393964393436613466316134
65663965323034363539363737643061613334316130363635653730373863653237656336323636
30333635616336653761373134346332363765363230643539343465633261353838666135373964
31613166383264336338633766616439313966353864343232313363343231323466346564396266
32323734393139666133336239363732393636393464306365336331333165643934326130636134
39613061373030346661383065646665613031633930336238663265353537373930613065336137
39636538383436373734633933303735376131643937623964666233366233306530373639613736
65633337313862346165653234633765363432316634306337366463323239363439313033653932
31326332613339333364303832393832623063663730393334356564623033646363646436336235
38353035346334363162613635383864663536623934346233316332386533346139656331626165
33396139613264393738323261336536316137666638623030323238356434653264336362333666
37383164646331666135643238313637366634323832353830636333363766313139383665393038
65636261333736393735393465383566666566643664366238636663393536313235353764396631
38656135323431623530353334333761343038353861653932623064653165383837616334336131
33326665366565656463386165386433303462633664633530343861333062626536326639613636
32633766376166356464323737316431353639636539633431383431376631316165396638616365
30393365623738303637363166373163326331313164383536386234316231626339666135626435
66613637633632386330636137346334306464613435363766326331346565343563333136616230
37313932356537626133386263633631613136316266333333346566366664366563626364636464
38666331373139343830613833313535313362663965323837303566656630643239386434313636
39623536303034363566633137616334653563386239643564313061333235376631316364333861
34393937666365306532396262663862633065323562623939643765643630356233333032336539
62656637646634383238623866363764306136383464393438386461623562316639303039313434
36303661396564333038343032376365383038343230336630313837333761393163643164396534
37303766643236356166343765613630316266346366623966313532333237393566396631393230
33383366336633616434376636363530366239643539663731373739336639346364373037326130
61663439313164313339383230376634663133633466646162363336383735626237386165633737
64373662383639313563623065613830323536353133393339663534373631386162373864666533
36336165666335323431653862663462343762343464383165663633376162333161643165366539
65313865646162393431346235646666333964633565393561326231383961633662363735383862
37393263386338306166386163343635656634333936616137626565366431353562313263346662
36666232633132346235393866346338363962353134316138336333663061313731396265396532
65626239353339646132363361663432333639363565376239616639623837636361373063316231
64393637393831633735386230633235363636643964623066346237666635373262623636666665
33636637346432333766303336643665303132373964663765353039626433663961306464383564
62393933653765336162363265333466326339336538633364353334643365346636663138303033
31373234316465623862393635666137646633616438623137623463356164313864316565376630
37626365326163353333636461626536396538643537333133313533623533656662393931373937
39316463373336643838363635373039333530306264316465386334663130303534653631383264
33393866306639663533623238326537633865623033386535643162353063643435633536366534
33353237663265656237626361623232326334313566323062386134343933333731623138613039
36356133353633373366656566656631613935326261336232613865623466363737346664333861
34393263663464346261353837313739323234353832613362373131616235316133656566336432
66316462646134306132313833393465656265366165653031386239633864376633313666373134
65663238613838373431656266613963393264653631376564373162343639663164623135393562
31643531356337653566353364356535323031633337393639656462316437343830323831336331
32366236623363366464376663626531363931656133316430636538346632666265366561343661
61616236623730313734393662663138366661343833313235666566333637356536643163336265
33353737326266353234383635386136336138613436663637653734633633636564373665356536
36373338636138393134383531356433636136643564333363303864663565396663363137373964
65313661333362333830306137383662393862643466353839616462346338393430313338383939
64303530323531643661373063363733383833383761653634653538353032346232633034656366
34383137633663656432303137336238356163306133313361623165626661623763313666643739
34633939613737636564613165613566356263623361356531386537313266623635376539333933
62373338343562343765343565646235633465353137333933306664653331326566623465613637
33646435343166646262326164636139346530393732316532373964363438616136383032643136
32333031646364303636393365663738343365633566663235643264636533333364366531613232
65653330616164393531303535636562346430313730616437616237393438336330663737313963
31323132373339643363643563303033646431666230373164623539393639633236313066326534
65343764363135363434303733666134376135646533656234343437373030636230646635623738
37643639616339376235653732323062346539306465376166323763333632333964363735656562
30633335636366663837653261656236313432336335313432366134626338393836666535346234
63316638373739396230333433653463323862313035363238626361323431356562653934653135
31613130656136626463333562333134323963363735656164623065383361333164386566366532
61323763316236663063343565386236333039626665323134653266376233643834376434633062
38653735653139373134336430653965613564323539613766623562666461616536363130663161
65653965613833313339646365613765653333323334653533363961643035386533366237656130
35666330666439623566613266336433623335373535383365623432376362633232666634646232
65633032623230643239613838343730346666336366366335326437653165313231623736373638
65373766333661333763623838623662323662653630383335326236303330346433316162306638
37363233636139356633363661303235323261386631333766656163353666373462363661343435
61643031633530383338666335396265396534373936396266326662623261343864303164333633
39613264333562623665646337376232376165663335626465613863613363333263366639383037
64313730653762303165663264313761303065613139643332346632653539653664613832643136
37393932396335306433353735643839383162633063643935643063613936393037653430613866
38323535386661636639353238663361313161633731613762626665383738396339386162383061
61623332323939353131653030396162363632353434343636613033346364663338316337396366
35663537356136343563363864663131316266646635626665363130623130663962613863616238
31663232336462323163316563636633313864633462303038303439346634376461613565343335
33363232653334636131336432646634623738616330663730386262313839613534653662373664
36636138646666393762656366653265386632343239643535376134333931613735323838313034
35336231643534326439633331346663383336623635313332363032396662656465316431393235
61326466653033333435396432343933333437303833386335323466643436663932646561313932
64343333636333396334373133326636363937613231333135613736346161366663663063613238
64353861303632623437373732666334643362356435336335333031316137653962383463393362
62366361323432336262666438363261636236393133636535616266386136383862313237383263
32383730366431376365383633623436373563306166396665623261613766653235653133613830
34386631613164373262663037653962613665333539383165383739353461363565326162653166
37363834646537613433303966343534356662386530613534373831626235386632303064346365
64316466656563313863333837616264306535306632363361333234663063656566333563306634
62626465613538646465353639633635613864633935646438313730663636366166313765633635
31326331656135303135393063643236313435646231666563353561623364313762333866383636
64623262316133333331343138393466376233323031333162366164373134393739656636613166
33393364623335303835373865663437646136323830356233333661646137363762653161616538
36336433303434313838393734623261333666323238633265616631343134376438393766666331
39346631633738643238666435616632316137663938666130663639663562633833383566356265
37633930353965666661346364303336616435636538306665356637376165633030323761623135
62633031626539386162623936313338373765646135333635616531383261313262363463636134
34323164626137363731393365623362383735363036633266366463653264366565633837333231
38613266663366343762656436613366303563366532386231376532363162663663353933346231
62333761383163633237363566656666333562396238326263656431616537313864343162623962
33303563353764346630393538643765356530616635333461383737653965666264333566313833
34646635636139656530396638623631326631626331616434633062353361353964613839346230
66626433656462323166356464653961376664616136373537313838333830343264623037663133
31643634326533613838613935396537633335323939316432366131316362363362356430323266
66303736623938303038623235356164366462636237666665633734643564613465613238633935
61613939643937323934313239383862343336376438376131366535386330316332613439626538
65626436616666313565653838656238663265316162376633636237643339346235383131343133
32626537643235663137613933343631306265363662383164363466616139353261303035373037
64343965663165643861656132346134393064373939323033613965346539353539363065656236
31336639613939613331303737323032646438333863373936343638336539666430306564303966
65623831313163663366346437353732646564393638376632303335376437633061343361393666
64383733313462366466396164336635663537393665646333613461393661613236626230636639
62313934313963303065636137646437376662653666383139306338383434356662326632363930
66636132363564376561616165333038386639643934336463666337356230316237636335306365
36373366323065326332346163386231646661396166303163633563376433353631393265656365
61643136353030663639383266623432316538366561633234613436313462366434653166343834
37306238353964613066396662623532376630646439343264396566383633393632313765663764
36626136343631363632633230616362633532643064353138643231353634646336333161373065
66306565343434373336653963303663376235313166653865356434333664623665393161333038
30376531666331653031383761363762626463633363313732343961613330336366376433623832
31366663326464316463373632643336613865643439316464333032653936616564313530386162
34343130393232383431623137323039653338303030396337613539383930383333306330373064
64616266386634646530303330396561333637323866333861363862373262613065396234333562
36366535653265383931303866356666316139393966636132313039383466336361353737373231
30636231623562323134613862363363353761636130363563616335323361343564373937366239
32363936316436333139623630333666356637336430326230353266396334313935396530626463
30663234326561306362336636316536626531393464383561396663623464353761386339616638
61643231326635303266623939663132303035626337376533306364386531643434333338383639
64393934646465383734653537626533383036643831636263616538366463333934373735393630
39666465383764653462626131623765393439623834396564353734356465616663333536623663
65623335313530323265633730326534343363656364323831346364333765663766373230666164
35343439646632313564396636643139336236353965643764626239353537643862633865306162
38353038393662633662336332623239633439336338383831346434326138356564613030373332
66656536353834626462343265616332633562663161396435663761326233666236323163653233
64333930313930616665343831386338663666373861343161346139643263376633336665396462
34623861343330653162356136653239393235353263613965643364363539613066623030636439
65646661346664373731313936346237376230656362353637636538373664623635623338363932
64303736356435663266643139623639633037386530623234376334323762623037323430376630
33373930353031353561343630313466626236303161343566313233656231316662353162346461
66316262663832663366383534313265376263643363643531313636623666363337386235636139
63333465393237653066653862313631376633383861303862623266653633386537383966323265
34366165656235643431303166333261383334663736313365373636613836623531376163353838
63346361626239383732613935633133653262353536353365303739376664383831316431613664
33653863316337616232653239326133356465366665376532616537626635613762336566343463
62366664356134393531646165616239383531306163363233633663393334316566636636373263
35356363633039333765393335326138636135393862316434316437336562303031643935636338
66316437343963333266363737653231636133636339613337373365653438656461613362383938
61366365346239326266636639616364366435303339303563333435376239656463393437373463
38633836656232353663626138353830666466373166393136376131343038656366306337373934
62633761353231633961393161623665663331623836633535666331393965333563616536393038
39616238306135646335313939623335666661636263323037363165636537393964306535616266
64666531366235343933633465326539646238656536326138346361346635303431643736366661
36646635303336383036363838396165656632656635346364303237373565643561626236613732
66653234383534383231326431623862306366306439313831343962616431636162393466316339
38333164316361333965343234613665363663626335663036626461383362646531343165653937
62313131623736656138376465626639616538333864303030303138383339373038333837316436
31666136633265336135313462373462393037346366343934666337343032333462386436623134
63373337663335636439356533316465666363343835336565373265613634313066616536363230
34326331643663633434376432313830386165613464323732343466383163363134636534323932
37303965653630383837396636623130383766333863653966346139393561323235363233643938
30666463373232643839303761663435306539313761303038356332666238323735343531663266
37636236333430366163633763353438303061653537353030306136663338376561383731366361
63643231336534656237616432376439396139623365633136633439636239613564633133303062
37653863303135636334613839666132373064303565313664356534323339316132326132656132
64643733366533333961316166363261623238616563303439326330633930643035326664663161
30626432363934356661383230663130356532343534356664383166343161656164
